Optimal solution "..10"
    all warehouses
        [11 14  8  5 10 11 12 20  6  3] 30.771255
    one warehouse: 'W0008'
        8, 'W0008', 85.71056


Found solutions (multi-objectives)
    all warehouses (M=0.0)
        [16 12  4 10 10 11  9 18  4  6] [37.15684891  0.        ]
    one warehouse (M=inf)
        [  0   0   0   0   0   0   0 100   0   0] [85.71057129  0.        ]
        [ 0  0  0 16  4  0  7 69  0  4] [ 80.17558289 395.        ]
        [ 0  1  0  0  0  0  1 98  0  0] [ 84.91864777 192.        ]
        [ 0  3  2  0  0  2  5 88  0  0] [ 82.90579224 391.        ]
        [ 0  1  0  3  0  0  3 92  1  0] [ 84.45575714 385.        ]
        [ 0  8 13 25  0  0 17 32  2  3] [ 78.02185059 584.        ]
        [ 0  8 11 13  9  6 12 41  0  0] [ 68.98703003 588.        ]
        [ 0 10 13 25  0  0 16 31  0  5] [ 78.42339325 489.        ]
        [ 4 11  8 11 10  9 20 27  0  0] [ 59.61058044 687.        ]
        [ 0 10 11  9  9  6  8 43  4  0] [ 63.08823013 682.        ]
        [ 0  1  0  2  0  0  1 96  0  0] [ 84.70612335 291.        ]
        [ 0  3  0 14 10  0  6 62  0  5] [ 80.1257019 488.       ]
        [ 0  5  9 15  6  0  7 54  0  4] [ 76.84798431 587.        ]
        [ 6  8  9  5 11 10 16 32  3  0] [ 54.61204147 781.        ]
        [ 8  8 11 11  8  9 16 22  4  3] [ 52.69496918 880.        ]


Optimal solutions "..100"
    all warehouses
        [ 48 171  90  68 147  23 141  86 104  66  87 114 177 239 127  85  62  92
         107  67  43  72  88  84 161 153 133 125  13 161 100 105 224  84  58  52
          81 148 136 101 118  11 167 140 123 180  20 344 147  34 110 107  90 120
          58  40  40  86 104  40  93  24  79  62  64  56  87 149 101  68  88  50
         242  95 125 149 171  61  81  59  57 222 126 114  54 141  19  64 171  12
          74  61 141  92  88  62 151  45  63  37] 750.2235
    one warehouse: 'W0008'
        42, 'W0043', 5976.164
