[38, 39, 38, 44, 39, 38, 36, 38, 38, 44, 40, 42, 21, 37, 36, 42, 39, 37, 43, 40, 36, 38, 40, 39, 36, 36, 38, 36, 42, 42, 40, 39, 37, 38, 
6, 40, 36, 39, 38, 36, 43, 42, 35, 39, 42, 38, 39, 40, 40, 39, 36, 40, 7, 8, 38, 41, 40, 39, 38, 8, 39, 38, 38, 42, 44, 40, 40, 37, 40, 5, 
39, 36, 8, 41, 42, 31, 39, 8, 38, 38, 38, 39, 38, 20, 40, 40, 41, 8, 39, 42, 39, 42, 42, 39, 37, 38, 38, 40, 38, 33, 36, 39, 38, 39, 43, 
39, 22, 24, 39, 39, 40, 42, 39, 39, 39, 38, 37, 38, 39, 38, 38, 43, 36, 40, 40, 44, 37, 38, 38, 40, 40, 39, 38, 8, 39, 42, 37, 41, 40, 36, 
25, 36, 41, 44, 38, 36, 39, 40, 39, 42, 36, 40, 36, 39, 43, 38, 36, 39, 40, 42, 33, 42, 41, 41, 36, 39, 37, 24, 39, 39, 36, 39, 39, 7, 41, 
38, 38, 42, 41, 26, 40, 40, 42, 38, 39, 43, 38, 39, 43, 40, 40, 39, 42, 42, 40, 39, 15, 42, 43, 33, 36, 38, 37, 9, 38, 22, 39, 42, 33, 39, 
42, 42, 5, 39, 36, 42, 9, 38, 36, 38, 38, 40, 7, 40, 39, 40, 38, 40, 40, 39, 39, 36, 37, 7, 42, 39, 40, 36, 6, 39, 43, 39, 38, 40, 39, 41, 
39, 40, 8, 38, 7, 9, 40, 39, 38, 38, 39, 38, 37, 42, 38, 38, 40, 39, 41, 41, 37, 20, 40, 39, 39, 38, 36, 44, 39, 39, 36, 40, 39, 39, 39, 
40, 38, 38, 44, 40, 8, 40, 40, 43, 39, 38, 39, 40, 40, 38, 43, 9, 40, 40, 6, 8, 37, 34, 41, 40, 39, 43, 38, 18, 44, 38, 40, 38, 38, 41, 
39, 39, 39, 39, 42, 37, 42, 40, 36, 39, 43, 36, 42, 38, 41, 36, 44, 40, 36, 43, 43, 42, 44, 39, 40, 42, 40, 39, 44, 38, 9, 39, 39, 42, 40, 
39, 40, 37, 44, 27, 36, 37, 42, 36, 37, 39, 42, 40, 39, 39, 40, 38, 31, 37, 42, 7, 36, 38, 6, 40, 34, 40, 36, 40, 26, 39, 38, 39, 43, 38, 
43, 38, 38, 38, 36, 40, 38, 38, 41, 42, 36, 39, 42, 39, 9, 39, 43, 38, 40, 38, 37, 39, 40, 38, 39, 36, 38, 39, 42, 40, 44, 36, 38, 38, 36, 
38, 39, 40, 39, 39, 40, 38, 38, 42, 39, 39, 39, 38, 38, 42, 40, 38, 42, 37, 40, 38, 37, 37, 39, 42, 29, 38, 39, 43, 36, 23, 39, 42, 36, 
39, 39, 36, 7, 41, 38, 40, 42, 14, 41, 43, 43, 42, 40, 38, 37, 39, 38, 40, 39, 39, 37, 43, 7, 36, 36, 31, 44, 34, 39, 36, 39, 38, 40, 38, 
39, 41, 36, 40, 38, 37, 39, 38, 38, 39, 35, 25, 34, 38, 41, 39, 40, 38, 34, 39, 39, 38, 36, 41, 37, 37, 40, 24, 7, 38, 17, 27, 39, 41, 43, 
40, 42, 39, 26, 38, 41, 39, 39, 39, 6, 40, 39, 38, 28, 39, 42, 38, 39, 39, 31, 23, 38, 38, 43, 34, 39, 24, 43, 38, 38, 36, 42, 39, 39, 38, 
8, 39, 38, 42, 39, 40, 37, 41, 40, 42, 38, 39, 41, 39, 43, 39, 38, 43, 39, 42, 40, 38, 40, 39, 42, 43, 34, 38, 36, 38, 40, 43, 5, 6, 42, 
36, 39, 39, 39, 38, 36, 40, 39, 44, 39, 39, 38, 32, 43, 39, 38, 42, 8, 14, 22, 39, 39, 40, 38, 37, 38, 36, 23, 39, 38, 17, 39, 36, 36, 37, 
42, 36, 42, 30, 40, 43, 37, 8, 40, 40, 38, 38, 38, 39, 38, 39, 39, 40, 41, 39, 40, 25, 39, 39, 36, 42, 41, 8, 40, 36, 39, 44, 39, 39, 43, 
38, 38, 43, 30, 39, 38, 43, 38, 38, 39, 39, 40, 40, 38, 44, 40, 36, 38, 36, 39, 41, 39, 39, 42, 39, 39, 39, 37, 34, 40, 38, 39, 36, 39, 
40, 42, 39, 42, 39, 40, 34, 39, 39, 38, 37, 38, 38, 40, 42, 43, 39, 40, 38, 39, 36, 39, 38, 39, 39, 43, 37, 44, 39, 38, 37, 41, 2, 42, 40, 
40, 39, 39, 40, 43, 44, 37, 38, 39, 42, 38, 42, 39, 7, 33, 40, 39, 40, 38, 39, 38, 39, 36, 41, 37, 39, 37, 44, 6, 39, 39, 28, 8, 44, 41, 
39, 39, 39, 37, 38, 42, 37, 36, 36, 42, 40, 39, 38, 38, 42, 9, 39, 37, 39, 39, 40, 37, 40, 36, 42, 40, 37, 39, 39, 37, 38, 44, 36, 39, 39, 
38, 36, 36, 41, 36, 37, 36, 42, 37, 39, 39, 39, 39, 36, 40, 42, 44, 36, 40, 39, 39, 39, 39, 25, 36, 38, 14, 37, 39, 36, 31, 37, 8, 39, 40, 
41, 38, 42, 39, 9, 38, 38, 7, 42, 41, 34, 42, 36, 38, 39, 27, 8, 30, 39, 44, 39, 37, 41, 38, 38, 32, 42, 38, 24, 42, 44, 39, 44, 38, 37, 
38, 37, 40, 38, 40, 24, 36, 38, 43, 32, 36, 37, 42, 38, 40, 39, 42, 37, 41, 42, 39, 25, 39, 34, 33, 40, 15, 38, 42, 42, 38, 39, 38, 42, 
38, 40, 40, 37, 39, 38, 38, 39, 39, 43, 36, 9, 38, 24, 39, 38, 38, 40, 40, 36, 40, 38, 38, 40, 42, 37, 39, 40, 36, 39, 40, 1, 38, 36, 38, 
40, 36, 39, 40, 38, 42, 40, 40, 36, 37, 40, 37, 38, 42, 39, 43, 38, 41, 7, 39, 37, 38, 39, 40, 39, 41, 38, 36, 36, 40, 40, 38, 39, 39, 39, 
38, 5, 44, 38, 37, 43, 36, 36, 36, 36, 39, 36, 39, 34, 38, 40, 39, 39, 36, 38, 38, 36, 33, 38, 39, 9, 42, 40, 36, 34, 42, 39, 41, 39, 42, 
42, 38, 39, 40, 37, 43, 34, 39, 41, 40, 36, 44, 38, 38, 42, 42, 42, 38, 42, 36, 24, 38, 38, 38, 40, 38, 43, 39, 42, 36, 38, 30, 44, 38, 
39, 42, 38, 38, 40, 37, 29, 38, 8, 7, 42, 38, 40, 39, 40, 38, 6, 42, 39, 39, 42, 1, 39, 43, 42, 36, 42, 44, 36, 36, 36, 38, 42, 36, 39, 
28, 42, 39, 38, 42, 7, 37, 39, 38, 40, 39, 40, 42, 40, 41, 33, 42, 39, 42, 39, 38, 42, 40, 40, 40, 39, 43, 38, 39, 34, 41, 40, 40, 39, 42, 
39, 39, 29, 36, 40, 38, 39, 39, 44, 39, 39, 39, 42, 33, 39, 39, 37, 38, 40, 26, 39, 42, 39, 36, 37, 40, 39, 40, 40, 37, 38, 38, 33, 1, 39, 
39, 38, 40, 40, 39, 39, 36, 40, 39, 42, 32, 38, 39, 8, 36, 39, 36, 44, 39, 38, 38, 42, 43, 42, 39, 38, 39, 39, 36, 39, 37, 41, 44, 8, 9, 
43, 38, 42, 40, 36, 40, 35, 37, 1, 40, 39, 39, 42, 39, 42, 36, 38, 41, 44, 36, 39, 43, 38, 37, 36, 40, 38, 43, 38, 40, 28, 39, 44, 38, 39, 
39, 37, 39, 40, 38, 38, 33, 40, 40, 42, 6, 36, 37, 41, 40, 39, 39, 36, 36, 38, 37, 34, 42, 38, 40, 39, 40, 36, 38, 39, 38, 42, 39, 42, 39, 
40, 38, 39, 39, 38, 43, 39, 37, 35, 36, 39, 36, 36, 36, 38, 39, 37, 38, 39, 42, 39, 44, 42, 15, 36, 40, 38, 38, 39, 40, 38, 39, 41, 39, 
38, 39, 44, 44, 40, 40, 37, 38, 38, 26, 36, 39, 44, 40, 43, 39, 39, 37, 40, 36, 40, 42, 38, 37, 38, 39, 39, 8, 39, 39, 42, 34, 34, 37, 38, 
38, 25, 39, 38, 37, 39, 38, 39, 42, 40, 36, 39, 41, 42, 38, 37, 39, 41, 7, 42, 36, 39, 42, 39, 42, 37, 42, 39, 39, 38, 39, 40, 37, 37, 40, 
37, 42, 43, 36, 37, 39, 42, 36, 44, 36, 40, 7, 38, 38, 39, 28, 36, 39, 42, 38, 6, 42, 36, 39, 38, 40, 37, 42, 38, 42, 39, 39, 40, 36, 38, 
42, 43, 39, 38, 39, 38, 38, 39, 36, 39, 38, 40, 39, 40, 27, 39, 38, 39, 43, 25, 39, 43, 39, 38, 39, 40, 38, 44, 37, 39, 38, 42, 40, 34, 
27, 39, 6, 41, 39, 37, 25, 39, 40, 39, 37, 38, 43, 39, 40, 39, 36, 36, 39, 38, 38, 39, 40, 38, 28, 37, 39, 44, 39, 40, 38, 36, 41, 5, 43, 
40, 38, 39, 39, 42, 40, 40, 38, 42, 37, 40, 43, 34, 39, 39, 42, 42, 39, 34, 41, 38, 40, 38, 43, 28, 39, 38, 40, 38, 1, 38, 37, 43, 44, 7, 
39, 38, 42, 39, 43, 34, 38, 39, 38, 38, 36, 39, 42, 38, 37, 39, 29, 38, 39, 41, 37, 34, 35, 28, 39, 39, 42, 39, 40, 36, 40, 2, 36, 36, 42, 
27, 35, 42, 39, 40, 36, 37, 42, 39, 39, 39, 36, 44, 41, 39, 39, 39, 40, 6, 38, 36, 7, 28, 43, 36, 36, 39, 31, 40, 38, 38, 36, 22, 44, 37, 
36, 38, 39, 39, 38, 38, 40, 39, 38, 38, 40, 39, 9, 29, 41, 39, 39, 38, 34, 38, 39, 40, 37, 39, 39, 38, 42, 38, 40, 40, 39, 36, 38, 41, 40, 
42, 40, 36, 39, 8, 37, 36, 38, 39, 9, 38, 42, 9, 42, 37, 36, 43, 44, 29, 36, 39, 39, 13, 36, 39, 36, 36, 39, 40, 39, 40, 36, 43, 41, 42, 
40, 39, 39, 37, 41, 40, 42, 38, 38, 43, 38, 38, 36, 39, 39, 40, 37, 42, 40, 39, 40, 36, 40, 42, 38, 38, 44, 38, 37, 42, 40, 38, 42, 38, 
39, 36, 40, 39, 44, 37, 38, 40, 38, 39, 40, 7, 36, 38, 26, 42, 39, 39, 31, 36, 39, 32, 39, 38, 19, 40, 40, 40, 38, 1, 43, 39, 36, 39, 36, 
37, 39, 39, 39, 33, 40, 38, 42, 39, 39, 38, 42, 36, 39, 38, 38, 42, 37, 40, 38, 36, 26, 40, 36, 36, 38, 38, 38, 40, 36, 39, 42, 42, 36, 
42, 39, 38, 38, 38, 43, 39, 40, 40, 37, 43, 39, 40, 36, 39, 39, 38, 39, 39, 39, 37, 34, 38, 38, 18, 36, 39, 37, 39, 39, 43, 44, 8, 40, 39, 
38, 42, 36, 42, 37, 38, 38, 37, 7, 43, 36, 36, 36, 38, 38, 40, 40, 38, 8, 37, 38, 36, 42, 42, 40, 1, 39, 42, 42, 39, 40, 37, 36, 39, 38, 
43, 36, 38, 37, 38, 39, 40, 39, 40, 39, 42, 38, 40, 30, 43, 36, 7, 38, 38, 44, 42, 39, 38, 37, 40, 25, 36, 36, 38, 34, 40, 39, 34, 39, 6, 
38, 39, 38, 39, 37, 38, 39, 39, 38, 44, 37, 38, 42, 36, 36, 39, 36, 30, 34, 44, 38, 38, 42, 36, 40, 44, 38, 39, 42, 17, 39, 42, 38, 39, 
43, 29, 40, 38, 38, 36, 34, 40, 39, 38, 26, 43, 39, 40, 36, 38, 15, 39, 40, 38, 40, 39, 40, 38, 39, 39, 35, 38, 36, 39, 39, 32, 36, 39, 
39, 27, 40, 36, 39, 38, 43, 39, 38, 39, 40, 38, 42, 38, 36, 33, 38, 38, 43, 40, 26, 30, 39, 36, 36, 36, 41, 38, 42, 40, 38, 38, 39, 43, 
36, 40, 40, 37, 37, 44, 39, 39, 7, 36, 42, 42, 38, 38, 36, 39, 44, 39, 38, 42, 43, 38, 37, 42, 42, 36, 36, 33, 17, 39, 39, 37, 38, 40, 38, 
40, 39, 42, 41, 38, 40, 36, 38, 40, 39, 39, 39, 40, 42, 39, 39, 44, 41, 40, 37, 42, 42, 36, 40, 38, 37, 43, 42, 39, 40, 38, 40, 38, 31, 
38, 39, 39, 34, 40, 36, 38, 42, 37, 7, 39, 39, 42, 42, 38, 42, 41, 40, 39, 37, 38, 39, 39, 40, 36, 43, 39, 6, 40, 35, 40, 36, 36, 37, 38, 
42, 36, 36, 39, 39, 42, 37, 40, 38, 38, 42, 37, 44, 37, 35, 37, 40, 42, 39, 39, 42, 36, 38, 36, 30, 39, 40, 42, 38, 34, 6, 36, 42, 41, 37, 
37, 38, 41, 37, 36, 37, 38, 39, 36, 36, 40, 33, 42, 40, 39, 39, 38, 40, 7, 38, 36, 40, 39, 42, 44, 37, 40, 23, 41, 39, 40, 39, 39, 40, 43, 
43, 40, 7, 38, 36, 40, 39, 38, 9, 36, 36, 42, 38, 39, 38, 36, 38, 42, 44, 43, 44, 38, 39, 43, 37, 40, 38, 42, 41, 37, 42, 40, 39, 37, 37, 
39, 6, 44, 38, 39, 7, 25, 40, 41, 40, 40, 36, 40, 39, 42, 42, 38, 42, 38, 40, 39, 41, 40, 38, 42, 42, 42, 36, 39, 42, 39, 9, 30, 40, 40, 
44, 37, 36, 39, 42, 36, 40, 44, 40, 38, 38, 42, 38, 36, 1, 36, 42, 23, 37, 40, 27, 42, 37, 42, 40, 39, 37, 39, 40, 38, 38, 39, 42, 32, 36, 
37, 9, 40, 39, 36, 39, 36, 44, 40, 37, 36, 42, 39, 39, 43, 39, 36, 39, 38, 36, 40, 30, 36, 38, 42, 40, 43, 39, 40, 39, 1, 7, 40, 38, 8, 
42, 39, 42, 37, 40, 42, 40, 40, 38, 42, 38, 39, 39, 39, 37, 43, 29, 43, 9, 42, 43, 30, 38, 41, 38, 40, 39, 40, 39, 39, 37, 39, 43, 39, 38, 
39, 39, 36, 39, 42, 41, 38, 35, 37, 36, 9, 38, 42, 39, 40, 39, 38, 40, 17, 39, 38, 44, 38, 24, 36, 38, 40, 37, 39, 42, 37, 44, 41, 39, 44, 
29, 38, 36, 28, 36, 39, 41, 38, 39, 38, 42, 39, 37, 39, 39, 33, 40, 43, 39, 38, 38, 36, 38, 39, 6, 41, 38, 42, 43, 40, 6, 37, 36, 36, 38, 
36, 40, 1, 38, 39, 44, 38, 8, 38, 43, 30, 38, 39, 38, 42, 39, 40, 34, 34, 38, 38, 36, 36, 41, 42, 40, 36, 30, 42, 36, 40, 8, 36, 38, 26, 
36, 40, 42, 38, 36, 26, 34, 39, 38, 27, 40, 41, 39, 39, 36, 36, 37, 39, 9, 44, 39, 39, 37, 38, 16, 39, 43, 39, 38, 36, 36, 24, 8, 39, 40, 
40, 39, 39, 24, 44, 22, 39, 40, 42, 42, 38, 38, 32, 37, 8, 39, 9, 39, 42, 43, 40, 42, 38, 38, 40, 39, 38, 37, 41, 27, 38, 36, 39, 36, 42, 
39, 39, 42, 38, 42, 38, 38, 42, 24, 40, 36, 38, 38, 36, 39, 38, 40, 39, 44, 40, 43, 36, 38, 39, 33, 42, 40, 36, 41, 40, 37, 42, 43, 40, 
38, 39, 39, 37, 40, 41, 40, 38, 36, 38, 39, 38, 43, 38, 39, 39, 43, 37, 43, 28, 40, 36, 38, 37, 34, 38, 39, 40, 40, 37, 42, 36, 39, 39, 
37, 34, 42, 39, 15, 17, 38, 38, 38, 35, 38, 44, 1, 39, 36, 39, 44, 43, 38, 40, 43, 36, 40, 39, 42, 37, 38, 38, 40, 38, 44, 36, 37, 36, 40, 
38, 40, 8, 38, 16, 42, 43, 39, 39, 8, 40, 39, 43, 42, 37, 38, 42, 41, 40, 42, 28, 39, 39, 16, 38, 44, 37, 36, 31, 40, 34, 39, 39, 43, 38, 
38, 7, 42, 37, 38, 9, 39, 38, 37, 37, 36, 40, 40, 34, 40, 42, 43, 36, 42, 38, 38, 39, 40, 36, 35, 39, 38, 44, 31, 42, 40, 37, 39, 42, 40, 
39, 36, 40, 42, 38, 36, 44, 41, 36, 36, 38, 37, 39, 34, 34, 36, 28, 40, 39, 36, 36, 42, 39, 38, 43, 28, 42, 38, 17, 8, 39, 33, 38, 40, 36, 
42, 43, 36, 41, 39, 37, 36, 7, 40, 39, 42, 43, 38, 38, 39, 39, 38, 39, 37, 36, 36, 44, 39, 37, 8, 37, 38, 36, 39, 38, 37, 42, 39, 38, 7, 
38, 42, 34, 42, 38, 40, 38, 34, 39, 39, 38, 38, 40, 34, 38, 42, 42, 44, 38, 31, 8, 40, 38, 41, 25, 38, 39, 39, 38, 39, 39, 41, 39, 36, 40, 
28, 44, 38, 29, 43, 43, 38, 36, 39, 38, 39, 36, 41, 36, 36, 38, 36, 42, 39, 40, 39, 6, 42, 39, 25, 38, 38, 44, 35, 39, 36, 39, 37, 10, 39, 
27, 38, 8, 37, 38, 42, 39, 37, 42, 42, 43, 37, 39, 26, 38, 40, 43, 42, 37, 38, 39, 36, 38, 7, 42, 40, 36, 25, 40, 38, 38, 39, 39, 39, 38, 
36, 23, 42, 39, 37, 9, 44, 43, 36, 40, 38, 9, 39, 32, 42, 30, 40, 42, 42, 38, 42, 42, 39, 36, 36, 38, 27, 40, 36, 39, 38, 38, 42, 38, 39, 
36, 41, 39, 40, 41, 39, 39, 39, 42, 38, 39, 42, 6, 37, 38, 40, 42, 34, 40, 42, 41, 39, 42, 40, 44, 39, 40, 39, 39, 38, 9, 36, 39, 38, 5, 
39, 37, 41, 40, 38, 35, 40, 38, 36, 38, 38, 39, 38, 37, 39, 42, 38, 42, 32, 39, 38, 36, 36, 36, 37, 38, 40, 38, 40, 40, 38, 37, 44, 39, 
38, 39, 38, 39, 39, 36, 36, 42, 42, 34, 38, 40, 39, 39, 39, 37, 9, 37, 39, 28, 39, 39, 31, 42, 40, 40, 40, 42, 40, 39, 38, 39, 38, 42, 38, 
39, 8, 38, 42, 38, 40, 38, 41, 38, 38, 39, 34, 42, 42, 38, 40, 39, 39, 42, 33, 33, 38, 40, 39, 40, 29, 28, 39, 39, 37, 37, 42, 44, 44, 42, 
44, 7, 38, 40, 38, 39, 8, 34, 40, 42, 39, 42, 33, 36, 39, 39, 39, 36, 41, 39, 36, 40, 40, 27, 40, 2, 37, 39, 42, 36, 43, 43, 36, 38, 38, 
20, 39, 38, 24, 27, 42, 40, 40, 39, 40, 40, 39, 36, 42, 42, 37, 38, 39, 36, 39, 39, 41, 37, 40, 38, 38, 38, 39, 39, 42, 40, 40, 40, 25, 
38, 42, 40, 39, 42, 38, 23, 40, 13, 42, 39, 40, 38, 23, 39, 39, 8, 40, 42, 42, 39, 7, 43, 38, 36, 42, 38, 39, 37, 38, 16, 43, 39, 44, 38, 
42, 36, 36, 38, 42, 41, 41, 38, 39, 44, 38, 39, 39, 40, 43, 40, 39, 42, 36, 42, 39, 9, 37, 36, 43, 36, 38, 39, 40, 24, 37, 42, 39, 6, 34, 
37, 40, 38, 43, 42, 40, 38, 38, 36, 38, 40, 37, 40, 37, 44, 40, 42, 38, 40, 38, 6, 41, 39, 39, 42, 36, 36, 42, 40, 39, 39, 39, 37, 38, 41, 
38, 40, 25, 37, 42, 7, 40, 40, 39, 39, 37, 38, 39, 39, 34, 44, 37, 37, 39, 42, 39, 39, 43, 15, 27, 39, 39, 43, 39, 40, 44, 37, 38, 39, 43, 
38, 27, 40, 39, 37, 26, 44, 38, 8, 25, 39, 39, 6, 40, 39, 39, 36, 40, 39, 26, 36, 37, 25, 39, 36, 38, 39, 42, 36, 39, 38, 37, 37, 38, 38, 
34, 39, 37, 39, 39, 38, 42, 36, 36, 39, 31, 37, 44, 36, 36, 38, 38, 38, 39, 42, 42, 36, 37, 36, 43, 40, 37, 25, 42, 36, 36, 32, 36, 1, 39, 
40, 9, 42, 41, 44, 40, 38, 38, 38, 42, 42, 39, 40, 39, 38, 38, 39, 39, 42, 38, 38, 40, 36, 38, 36, 37, 36, 39, 37, 38, 15, 38, 38, 39, 39, 
38, 42, 38, 39, 38, 42, 43, 43, 44, 38, 37, 41, 44, 43, 38, 38, 36, 37, 36, 42, 40, 36, 39, 39, 36, 24, 39, 38, 39, 39, 42, 39, 39, 41, 
38, 36, 39, 44, 38, 40, 40, 39, 40, 42, 42, 42, 43, 43, 42, 39, 31, 38, 39, 38, 38, 38, 41, 39, 42, 5, 39, 40, 44, 38, 42, 39, 40, 40, 39, 
39, 40, 39, 7, 38, 39, 33, 1, 36, 39, 9, 6, 38, 39, 9, 37, 38, 34, 40, 42, 42, 40, 40, 37, 42, 39, 39, 42, 38, 42, 6, 34, 36, 40, 38, 38, 
36, 40, 8, 38, 39, 40, 34, 42, 39, 40, 38, 7, 38, 38, 42, 39, 38, 36, 40, 39, 38, 36, 18, 42, 36, 38, 39, 42, 33, 38, 40, 38, 38, 39, 44, 
39, 41, 40, 38, 38, 38, 39, 42, 42, 42, 39, 42, 44, 0, 38, 36, 43, 36, 28, 25, 38, 38, 37, 38, 39, 36, 38, 39, 39, 43, 36, 41, 39, 40, 40, 
7, 42, 39, 42, 42, 42, 40, 36, 34, 24, 36, 39, 39, 36, 7, 39, 37, 41, 42, 38, 39, 42, 36, 7, 39, 42, 44, 41, 42, 42, 34, 42, 40, 39, 38, 
9, 38, 42, 41, 36, 40, 29, 42, 38, 36, 38, 44, 34, 40, 37, 31, 37, 37, 42, 38, 38, 40, 37, 24, 39, 39, 38, 39, 39, 37, 42, 40, 39, 34, 39, 
42, 39, 40, 9, 39, 39, 28, 39, 39, 38, 39, 37, 42, 42, 40, 39, 36, 42, 40, 39, 40, 40, 39, 37, 42, 39, 38, 42, 37, 43, 39, 36, 38, 36, 38, 
39, 39, 38, 39, 40, 39, 42, 42, 40, 41, 38, 36, 37, 38, 42, 40, 39, 38, 38, 34, 39, 36, 39, 36, 44, 7, 39, 30, 39, 38, 39, 38, 38, 36, 25, 
37, 38, 42, 41, 39, 40, 40, 40, 36, 35, 38, 38, 39, 38, 39, 9, 38, 38, 44, 38, 42, 39, 38, 39, 38, 39, 37, 42, 37, 39, 42, 38, 36, 38, 36, 
38, 40, 37, 40, 42, 39, 37, 38, 38, 44, 39, 40, 42, 40, 39, 40, 43, 42, 40, 9, 39, 34, 38, 39, 39, 43, 40, 39, 38, 40, 29, 38, 40, 37, 43, 
36, 43, 38, 36, 36, 37, 38, 44, 39, 37, 38, 40, 38, 40, 38, 41, 40, 7, 44, 40, 39, 37, 36, 40, 38, 40, 42, 41, 37, 39, 23, 41, 42, 38, 40, 
39, 37, 39, 39, 40, 43, 34, 39, 39, 43, 36, 36, 37, 40, 39, 38, 36, 39, 36, 38, 39, 40, 42, 41, 42, 39, 39, 37, 42, 38, 38, 42, 39, 41, 
36, 8, 38, 38, 25, 40, 40, 42, 38, 19, 39, 38, 38, 33, 39, 38, 40, 23, 40, 34, 39, 36, 39, 40, 36, 37, 38, 19, 40, 36, 38, 39, 38, 44, 38, 
27, 36, 44, 37, 40, 36, 34, 39, 36, 35, 39, 40, 33, 32, 42, 42, 6, 44, 39, 37, 39, 38, 31, 41, 21, 42, 38, 40, 38, 37, 34, 32, 40, 40, 39, 
38, 40, 40, 39, 40, 40, 25, 38, 39, 39, 40, 40, 27, 44, 38, 7, 40, 40, 42, 40, 39, 38, 39, 39, 38, 44, 39, 39, 39, 36, 36, 40, 36, 36, 36, 
42, 39, 42, 39, 38, 42, 38, 39, 43, 6, 40, 36, 28, 38, 40, 38, 38, 42, 39, 7, 38, 44, 38, 38, 38, 38, 38, 42, 40, 39, 39, 6, 33, 44, 42, 
39, 36, 39, 24, 39, 37, 42, 44, 42, 7, 34, 39, 40, 34, 39, 39, 30, 29, 36, 38, 44, 23, 38, 39, 39, 37, 26, 39, 9, 20, 1, 37, 42, 39, 36, 
39, 25, 38, 30, 42, 40, 42, 39, 42, 37, 26, 39, 37, 39, 42, 30, 39, 38, 37, 42, 43, 36, 39, 42, 41, 44, 38, 42, 39, 31, 41, 39, 43, 34, 
35, 42, 36, 43, 41, 40, 42, 40, 42, 39, 40, 39, 38, 37, 35, 38, 38, 38, 36, 38, 38, 40, 38, 38, 38, 3, 40, 39, 44, 38, 42, 39, 39, 38, 42, 
40, 42, 40, 39, 38, 44, 37, 42, 42, 44, 37, 38, 6, 38, 40, 42, 38, 40, 14, 39, 36, 41, 43, 38, 39, 26, 38, 39, 39, 40, 40, 39, 38, 34, 38, 
26, 39, 36, 39, 43, 36, 23, 36, 40, 44, 42, 34, 40, 42, 44, 38, 44, 40, 40, 39, 39, 42, 36, 34, 36, 31, 39, 36, 41, 37, 8, 39, 36, 39, 42, 
10, 40, 38, 43, 38, 40, 43, 43, 39, 39, 40, 40, 37, 39, 39, 38, 44, 25, 40, 39, 21, 38, 40, 36, 30, 36, 37, 38, 39, 36, 40, 36, 26, 38, 
39, 36, 38, 36, 40, 37, 36, 8, 40, 38, 41, 38, 36, 39, 42, 39, 36, 6, 36, 40, 38, 39, 38, 36, 36, 38, 38, 38, 38, 39, 40, 42, 39, 38, 44, 
39, 39, 42, 38, 36, 40, 41, 39, 34, 39, 8, 31, 39, 25, 38, 42, 39, 39, 38, 39, 40, 39, 36, 42, 44, 39, 37, 39, 40, 36, 36, 42, 37, 38, 44, 
24, 39, 38, 40, 40, 36, 39, 38, 42, 44, 41, 39, 40, 40, 39, 39, 42, 39, 39, 41, 9, 36, 38, 42, 37, 42, 36, 44, 38, 37, 42, 39, 35, 40, 38, 
39, 43, 36, 42, 42, 38, 36, 42, 1, 38, 40, 36, 42, 36, 40, 44, 42, 23, 38, 39, 39, 39, 36, 36, 36, 38, 43, 39, 34, 40, 42, 36, 42, 39, 42, 
44, 38, 42, 40, 37, 36, 38, 31, 42, 37, 39, 36, 42, 32, 43, 16, 36, 39, 39, 38, 40, 39, 38, 36, 41, 36, 42, 37, 36, 39, 40, 40, 1, 37, 42, 
39, 43, 38, 36, 38, 39, 34, 38, 39, 40, 36, 38, 37, 38, 36, 38, 42, 37, 43, 42, 16, 42, 8, 38, 39, 36, 37, 38, 42, 36, 38, 39, 39, 36, 40, 
38, 44, 38, 40, 27, 39, 7, 36, 39, 38, 36, 42, 39, 38, 44, 16, 40, 44, 40, 36, 30, 37, 42, 38, 39, 40, 40, 42, 38, 40, 38, 38, 39, 42, 36, 
37, 39, 8, 40, 42, 42, 37, 39, 38, 43, 42, 37, 39, 36, 43, 40, 40, 39, 36, 42, 38, 38, 37, 39, 40, 42, 39, 38, 39, 39, 39, 42, 41, 38, 42, 
39, 39, 42, 39, 42, 38, 40, 44, 8, 41, 40, 40, 43, 43, 43, 35, 44, 36, 1, 39, 40, 27, 40, 40, 40, 39, 29, 39, 40, 44, 37, 40, 40, 35, 42, 
42, 38, 38, 8, 39, 36, 43, 40, 44, 38, 42, 39, 43, 38, 38, 38, 38, 42, 42, 38, 38, 42, 44, 39, 42, 36, 37, 38, 42, 42, 40, 8, 19, 42, 1, 
36, 42, 39, 39, 36, 37, 25, 40, 36, 39, 38, 38, 38, 38, 38, 40, 40, 40, 43, 26, 38, 42, 38, 44, 37, 37, 34, 39, 38, 40, 39, 38, 38, 38, 
43, 36, 6, 39, 39, 7, 39, 40, 42, 40, 38, 38, 44, 39, 39, 41, 36, 44, 38, 39, 36, 38, 42, 39, 40, 42, 36, 28, 38, 36, 35, 42, 39, 38, 36, 
43, 39, 36, 43, 42, 39, 36, 39, 10, 44, 34, 38, 41, 36, 36, 34, 36, 40, 40, 44, 42, 38, 39, 42, 30, 37, 38, 36, 39, 43, 38, 39, 25, 35, 
40, 8, 38, 40, 42, 36, 42, 40, 38, 40, 41, 39, 40, 38, 40, 40, 40, 43, 37, 36, 38, 38, 39, 40, 39, 37, 39, 23, 44, 39, 38, 37, 39, 42, 42, 
38, 43, 39, 38, 41, 38, 38, 42, 38, 36, 40, 6, 36, 36, 12, 39, 34, 38, 36, 42, 38, 40, 43, 8, 40, 38, 39, 38, 39, 38, 36, 27, 40, 38, 37, 
39, 38, 39, 26, 38, 38, 30, 44, 38, 37, 38, 39, 39, 41, 38, 38, 38, 39, 38, 36, 38, 40, 36, 38, 39, 38, 39, 38, 39, 40, 38, 38, 39, 39, 
42, 27, 39, 39, 39, 40, 39, 36, 38, 36, 39, 40, 38, 36, 38, 6, 36, 38, 38, 40, 39, 37, 39, 39, 38, 39, 43, 40, 42, 34, 43, 39, 39, 40, 44, 
40, 36, 39, 39, 38, 42, 37, 39, 37, 41, 42, 38, 40, 39, 37, 41, 35, 39, 36, 42, 39, 34, 41, 36, 38, 39, 40, 36, 39, 36, 37, 28, 38, 40, 
39, 40, 36, 42, 37, 24, 37, 7, 36, 40, 25, 38, 42, 37, 39, 38, 40, 42, 40, 38, 36, 39, 39, 38, 39, 37, 36, 37, 34, 39, 41, 39, 16, 40, 38, 
38, 42, 38, 34, 41, 40, 39, 36, 34, 40, 44, 40, 40, 40, 42, 38, 42, 42, 39, 36, 38, 41, 29, 38, 39, 38, 40, 34, 39, 39, 38, 39, 38, 42, 
42, 38, 40, 38, 17, 42, 39, 34, 33, 38, 31, 42, 44, 40, 38, 38, 39, 39, 34, 38, 42, 42, 39, 40, 36, 42, 42, 39, 30, 38, 40, 39, 39, 36, 
40, 42, 39, 38, 42, 36, 42, 39, 40, 41, 38, 42, 41, 42, 39, 39, 36, 8, 42, 42, 42, 28, 37, 40, 40, 38, 42, 39, 42, 37, 36, 39, 38, 38, 28, 
38, 39, 36, 42, 38, 39, 9, 19, 41, 38, 40, 39, 37, 44, 39, 7, 34, 39, 40, 43, 39, 0, 36, 36, 40, 39, 42, 1, 39, 41, 38, 40, 43, 36, 38, 
41, 38, 36, 40, 43, 40, 39, 43, 9, 39, 39, 9, 32, 36, 42, 44, 38, 13, 38, 42, 40, 40, 37, 42, 37, 38, 40, 38, 42, 38, 39, 42, 37, 42, 39, 
38, 38, 39, 38, 38, 41, 9, 39, 39, 43, 38, 44, 38, 42, 42, 43, 42, 38, 38, 42, 38, 38, 42, 38, 38, 30, 37, 38, 37, 36, 40, 42, 41, 39, 35, 
36, 26, 40, 41, 38, 39, 40, 8, 39, 36, 38, 36, 38, 26, 41, 44, 39, 40, 38, 38, 38, 39, 9, 39, 23, 39, 39, 39, 38, 40, 38, 39, 36, 40, 43, 
44, 25, 36, 42, 38, 39, 38, 36, 44, 39, 36, 36, 40, 40, 43, 38, 37, 38, 39, 38, 39, 40, 42, 37, 38, 42, 39, 39, 34, 37, 36, 38, 36, 38, 
36, 37, 39, 39, 31, 39, 37, 38, 39, 42, 38, 40, 25, 42, 39, 8, 38, 38, 39, 42, 39, 37, 36, 42, 38, 39, 40, 39, 40, 42, 38, 8, 36, 44, 42, 
38, 39, 39, 36, 39, 42, 40, 24, 38, 40, 36, 42, 41, 39, 31, 36, 39, 39, 42, 42, 38, 39, 39, 44, 36, 44, 38, 35, 39, 41, 39, 40, 39, 39, 
36, 42, 37, 38, 39, 38, 38, 40, 8, 42, 30, 39, 40, 38, 38, 38, 39, 39, 38, 37, 7, 39, 36, 38, 34, 40, 36, 42, 42, 37, 42, 25, 43, 39, 42, 
38, 39, 38, 39, 36, 40, 31, 38, 39, 24, 38, 6, 37, 42, 42, 6, 36, 42, 38, 38, 35, 39, 39, 40, 37, 43, 42, 39, 40, 29, 25, 40, 38, 34, 44, 
38, 38, 42, 37, 39, 42, 39, 39, 38, 43, 38, 43, 38, 38, 39, 38, 39, 38, 39, 39, 37, 37, 26, 39, 39, 37, 37, 42, 38, 15, 39, 37, 37, 40, 
37, 40, 42, 39, 38, 38, 38, 39, 39, 43, 36, 42, 42, 32, 43, 42, 39, 38, 42, 7, 44, 42, 42, 40, 38, 36, 43, 36, 38, 39, 38, 39, 40, 38, 36, 
40, 41, 27, 37, 37, 43, 39, 38, 37, 38, 42, 38, 44, 37, 39, 8, 39, 36, 42, 39, 39, 39, 39, 39, 42, 38, 39, 38, 38, 39, 37, 34, 38, 39, 41, 
39, 37, 38, 39, 38, 39, 40, 40, 25, 29, 30, 42, 43, 38, 36, 40, 42, 39, 36, 39, 26, 41, 39, 40, 40, 37, 39, 40, 40, 40, 40, 39, 21, 36, 
36, 37, 42, 36, 38, 40, 42, 33, 38, 38, 42, 24, 43, 24, 37, 42, 38, 30, 37, 38, 37, 36, 9, 39, 38, 38, 38, 42, 44, 44, 36, 36, 38, 40, 40, 
44, 39, 36, 39, 42, 38, 38, 23, 38, 38, 37, 43, 39, 40, 43, 39, 38, 39, 38, 42, 39, 36, 37, 39, 39, 38, 39, 38, 44, 37, 39, 39, 38, 44, 
42, 42, 40, 32, 40, 39, 38, 38, 39, 1, 37, 39, 40, 38, 38, 42, 39, 38, 40, 7, 38, 39, 36, 39, 40, 38, 43, 43, 38, 42, 37, 40, 42, 40, 40, 
42, 34, 31, 42, 7, 39, 30, 37, 43, 40, 36, 43, 7, 42, 37, 38, 40, 36, 39, 42, 43, 38, 39, 42, 39, 40, 36, 37, 40, 40, 26, 36, 39, 39, 20, 
35, 38, 40, 40, 43, 37, 36, 35, 36, 37, 38, 33, 39, 39, 38, 38, 40, 30, 39, 38, 39, 40, 38, 7, 38, 36, 42, 38, 25, 38, 42, 39, 38, 39, 39, 
36, 32, 38, 37, 39, 38, 42, 39, 42, 38, 42, 26, 38, 42, 39, 38, 38, 8, 36, 39, 39, 39, 37, 36, 38, 42, 27, 38, 41, 40, 36, 39, 36, 39, 39, 
38, 44, 43, 36, 43, 6, 36, 37, 7, 39, 38, 38, 31, 39, 40, 44, 36, 44, 38, 43, 27, 37, 37, 9, 36, 36, 42, 38, 34, 38, 39, 39, 34, 39, 40, 
42, 40, 37, 36, 36, 39, 38, 42, 38, 40, 8, 39, 37, 33, 36, 42, 44, 38, 39, 39, 40, 35, 42, 39, 35, 39, 38, 38, 39, 37, 41, 42, 28, 38, 43, 
39, 36, 8, 39, 42, 39, 38, 8, 39, 39, 40, 40, 39, 38, 39, 39, 39, 40, 38, 42, 38, 37, 36, 9, 36, 39, 38, 38, 39, 39, 37, 39, 42, 38, 38, 
41, 42, 39, 39, 39, 42, 38, 44, 36, 38, 36, 38, 35, 30, 38, 36, 7, 38, 38, 38, 38, 39, 39, 43, 42, 42, 39, 40, 43, 39, 42, 37, 42, 39, 42, 
37, 37, 42, 38, 37, 34, 42, 38, 40, 37, 40, 38, 1, 29, 42, 42, 7, 38, 39, 37, 41, 39, 42, 42, 42, 43, 40, 43, 42, 36, 39, 38, 42, 38, 41, 
39, 36, 42, 39, 37, 38, 44, 40, 38, 39, 41, 39, 43, 39, 39, 22, 38, 38, 39, 39, 24, 37, 37, 39, 38, 40, 42, 39, 43, 43, 39, 30, 36, 36, 
40, 39, 44, 36, 23, 39, 40, 40, 40, 38, 31, 36, 38, 37, 36, 42, 38, 36, 40, 40, 38, 38, 43, 26, 38, 38, 34, 39, 40, 43, 39, 38, 39, 6, 39, 
36, 28, 39, 38, 39, 44, 37, 38, 39, 39, 39, 42, 39, 40, 38, 22, 43, 42, 33, 38, 34, 38, 38, 27, 40, 39, 37, 42, 39, 42, 40, 39, 39, 39, 
43, 36, 39, 43, 38, 38, 40, 38, 38, 38, 42, 39, 43, 42, 40, 40, 31, 39, 43, 38, 37, 40, 24, 40, 36, 38, 25, 38, 38, 39, 39, 39, 36, 39, 8, 
38, 39, 42, 39, 37, 42, 24, 36, 42, 38, 36, 39, 39, 37, 37, 41, 36, 34, 42, 40, 1, 40, 39, 39, 39, 42, 39, 42, 39, 39, 39, 39, 38, 39, 41, 
41, 43, 36, 42, 39, 38, 43, 39, 42, 40, 39, 38, 38, 1, 42, 42, 40, 38, 39, 35, 39, 38, 39, 31, 38, 38, 6, 42, 42, 7, 39, 44, 44, 9, 39, 
39, 38, 40, 14, 37, 40, 42, 42, 25, 39, 40, 40, 38, 36, 38, 38, 41, 39, 36, 44, 38, 42, 39, 36, 34, 39, 40, 38, 36, 36, 6, 31, 36, 39, 36, 
23, 38, 36, 40, 44, 39, 27, 39, 36, 44, 39, 37, 40, 40, 38, 40, 40, 38, 7, 40, 36, 42, 34, 38, 37, 41, 36, 42, 39, 39, 39, 8, 39, 38, 39, 
40, 39, 9, 39, 42, 42, 44, 38, 39, 40, 39, 37, 36, 39, 36, 36, 36, 38, 39, 39, 38, 38, 39, 39, 39, 27, 40, 39, 38, 39, 40, 36, 42, 40, 40, 
38, 39, 25, 43, 38, 36, 9, 39, 38, 36, 37, 37, 37, 40, 39, 42, 32, 42, 41, 36, 36, 41, 39, 42, 38, 40, 39, 36, 43, 39, 6, 38, 40, 38, 40, 
38, 39, 40, 43, 40, 39, 43, 38, 25, 6, 36, 39, 38, 39, 38, 39, 39, 38, 41, 38, 39, 37, 23, 42, 39, 38, 39, 8, 40, 42, 37, 34, 38, 42, 38, 
38, 39, 43, 39, 38, 40, 38, 42, 1, 40, 39, 30, 39, 39, 38, 38, 41, 38, 42, 40, 35, 40, 43, 40, 39, 38, 0, 38, 38, 40, 42, 42, 39, 43, 36, 
37, 40, 39, 42, 39, 36, 41, 38, 38, 37, 39, 39, 34, 39, 36, 38, 37, 40, 38, 39, 38, 39, 37, 44, 38, 40, 38, 38, 43, 40, 39, 43, 42, 39, 7, 
39, 39, 38, 39, 38, 38, 36, 39, 43, 42, 36, 40, 39, 42, 42, 36, 42, 43, 39, 42, 42, 42, 43, 36, 38, 40, 42, 30, 40, 38, 42, 39, 36, 39, 
44, 42, 36, 40, 39, 38, 38, 38, 39, 39, 38, 43, 38, 38, 42, 40, 38, 38, 42, 43, 36, 38, 40, 39, 39, 42, 9, 37, 40, 38, 39, 37, 39, 36, 39, 
39, 40, 39, 42, 37, 38, 38, 39, 39, 39, 39, 41, 39, 38, 28, 39, 39, 42, 43, 38, 37, 39, 39, 39, 42, 39, 39, 37, 37, 38, 44, 38, 44, 37, 
38, 43, 38, 36, 42, 40, 39, 38, 39, 38, 36, 39, 38, 44, 38, 40, 37, 39, 41, 39, 36, 37, 36, 9, 42, 36, 38, 40, 38, 9, 42, 39, 36, 40, 36, 
38, 40, 39, 42, 42, 39, 31, 39, 38, 42, 39, 38, 38, 26, 39, 38, 39, 36, 39, 38, 40, 36, 38, 34, 39, 24, 36, 39, 39, 38, 43, 38, 7, 40, 39, 
25, 39, 39, 42, 40, 39, 42, 36, 38, 38, 8, 37, 38, 38, 38, 37, 38, 38, 42, 6, 38, 42, 42, 39, 42, 42, 38, 43, 36, 39, 39, 42, 40, 37, 40, 
38, 39, 38, 39, 38, 42, 42, 39, 39, 36, 38, 6, 39, 38, 39, 39, 27, 42, 42, 36, 8, 39, 25, 39, 38, 38, 23, 42, 39, 42, 38, 39, 40, 40, 6, 
36, 39, 39, 40, 40, 34, 41, 37, 38, 27, 43, 40, 36, 38, 38, 38, 31, 38, 36, 40, 36, 42, 41, 36, 37, 39, 34, 40, 37, 39, 43, 36, 29, 31, 
39, 30, 38, 23, 40, 39, 37, 42, 36, 39, 39, 40, 37, 36, 42, 39, 38, 39, 40, 38, 38, 42, 40, 39, 38, 35, 42, 39, 36, 26, 40, 42, 39, 36, 
39, 38, 38, 38, 42, 38, 7, 39, 23, 41, 37, 37, 41, 39, 41, 40, 40, 39, 36, 39, 44, 39, 43, 38, 34, 42, 42, 38, 36, 38, 34, 38, 19, 44, 41, 
36, 36, 36, 39, 44, 39, 37, 37, 37, 1, 38, 36, 37, 43, 37, 39, 39, 40, 39, 22, 38, 36, 38, 39, 43, 38, 37, 40, 43, 38, 36, 44, 37, 40, 38, 
37, 38, 43, 25, 40, 42, 35, 34, 37, 42, 36, 42, 42, 36]


[6485, 5922, 6246, 0, 1726, 6307, 6199, 6012, 6378, 184, 5348, 1786, 5865, 2573, 6093, 6099, 5245, 5871, 5853, 35, 6527, 5934, 1257, 5908,
 6264, 5704, 6192, 5875, 367, 6530, 6066, 6173, 6246, 6223, 6242, 5156, 5989, 6396, 6273, 3953, 6077, 6246, 5956, 1304, 5737, 1, 5826, 22,
 6388, 5845, 184]
